0.0 0.0 50.0 30.0
10.0 100.0 300.0 250.0
10.0 100.0 300.0 250.0
120.0 10.0 250.0 500.0
120.0 10.0 250.0 500.0
120.0 10.0 250.0 500.0
120.0 10.0 250.0 500.0
120.0 10.0 250.0 500.0
120.0 10.0 250.0 500.0
120.0 10.0 250.0 500.0
120.0 10.0 250.0 500.0
10.0 100.0 300.0 250.0
10.0 100.0 300.0 250.0
10.0 100.0 300.0 250.0
10.0 100.0 300.0 250.0
200.0 1000.0 350.0 200.0
0.0 0.0 50.0 30.0
10.0 100.0 300.0 250.0
10.0 100.0 300.0 250.0
120.0 10.0 250.0 500.0
120.0 10.0 250.0 500.0
120.0 10.0 250.0 500.0
120.0 10.0 250.0 500.0
120.0 10.0 250.0 500.0
120.0 10.0 250.0 500.0
120.0 10.0 250.0 500.0
120.0 10.0 250.0 500.0
10.0 100.0 300.0 250.0
10.0 100.0 300.0 250.0
10.0 100.0 300.0 250.0
10.0 100.0 300.0 250.0
200.0 1000.0 350.0 200.0